0011219,0
數位電路設計,1
計算機概論與程式設計,2
線性代數,3
資訊工程研討,4
組合語言與系統程式,5
物件導向程式設計,6
基礎程式設計,7
數位電路實驗,8
機率,9
計算機網路概論,10
正規語言概論,11
程式語言,12
計算機組織,13
作業系統概論,14
資訊工程專題(一),15
資料庫系統概論,16
計算機圖學概論,17
計算機科學概論,18
演算法概論,19
離散數學,20
資訊工程專題(二),21
多媒體資訊系統概論,22
編譯器設計概論,23
影像處理,24
0011234,25
電子學 (一),26
電子實驗(一),27
微處理機系統實驗,28
資料結構,29
進階英文聽力,30
數位系統設計,31
訊號與系統,32
嵌入式系統設計概論與實作,33
0011244,34
微分方程,35
電子學(二),36
VLSI與系統晶片設計概論,37
0011248,38
計算機網路實驗,39
演算法,40
0011253,41
電路與電子學,42
人工智慧概論,43
密碼學概論,44
正規語言與計算理論,45
雲端計算,46
3GPP 長期演進行動通訊協定基礎,47
無線網路,48
分群法,49
0011255,50
0011256,51
影像處理概論,52
Android程式設計,53
虛擬實境與擴增實境,54
0011264,55
資訊隱藏學,56
數位娛樂與藝術專題—遊戲設計,57
0011291,58
數理邏輯,59
0012033,60
電腦動畫概論,61
數值方法,62
組合數學,63
無線網路概論,64
MATLAB 程式語言,65
電路與電子學(一),66
電路與電子學(二),67
0012036,68
網路程式設計,69
程式安全,70
雲端平行計算,71
分散式計算系統,72
0012216,73
作業系統,74
電腦動畫與特效,75
作業系統設計與實作,76
軟體定義網路,77
0012553,78
0013147,79
軟體工程概論,80
電路學,81
多媒體壓縮概論,82
0013244,83
多核心程式設計,84
計算機網路管理,85
計算機系統管理,86
物聯網核心技術,87
物聯網平台設計,88
自由開源軟體與專案協作,89
0013312,90
資料探勘,91
0013313,92
網路程式設計概論,93
網路安全,94
0013339,95
區域網路與通訊原理,96
解題程式技巧,97
0016001,98
0016002,99
高等程式設計與演算法,100
0016003,101
嵌入式系統設計,102
科技創業與營運,103
0016004,104
平行程式設計,105
0016005,106
0016006,107
0016007,108
電腦安全概論,109
0016008,110
電腦視覺,111
視訊壓縮,112
多媒體通訊,113
0016009,114
VLSI設計自動化概論,115
0016012,116
0016013,117
計算機架構,118
0016014,119
自我探索與生涯發展,120
0016015,121
邏輯設計與合成,122
演化計算,123
0016016,124
繪圖處理架構與系統設計,125
計算機網路,126
0016017,127
圖形識別,128
0016018,129
0016019,130
無線網際網路,131
0016020,132
0016021,133
0016022,134
0016023,135
0016024,136
0016025,137
0016026,138
雲端行動感測應用,139
0016027,140
0016028,141
0016029,142
3D遊戲程式,143
0016030,144
人工智慧,145
0016031,146
0016032,147
0016033,148
網路通訊原理,149
0016034,150
人機互動,151
0016035,152
0016036,153
0016037,154
0016038,155
0016039,156
輸出入裝置與驅動程式設計,157
0016040,158
0016041,159
0016042,160
數位遊戲與學習,161
0016043,162
社群網路之技術與趨勢,163
編譯器設計,164
0016044,165
電子學,166
0016045,167
0016046,168
資料視覺化與視覺分析,169
0016047,170
0016048,171
0016049,172
網路安全實務-攻擊與防禦,173
0016050,174
0016051,175
0016052,176
0016053,177
金融模型導論,178
電腦對局理論,179
0016054,180
生醫資料探勘,181
0016055,182
0016056,183
數位遊戲與人工智慧,184
0016057,185
0016058,186
0016059,187
0016060,188
0016061,189
0016062,190
0016064,191
0016065,192
0016066,193
數位訊號處理概論,194
0016067,195
0016069,196
0016070,197
0016071,198
0016072,199
0016074,200
0016075,201
0016076,202
0016077,203
0016078,204
0016079,205
0016080,206
智慧整合感控系統之理論與實務,207
0016081,208
0016082,209
0016083,210
0016084,211
國際多媒體標準系統專題與實作,212
0016085,213
0016086,214
0016087,215
0016088,216
0016089,217
0016090,218
0016091,219
0016092,220
0016094,221
0016095,222
紋理合成技術,223
0016096,224
0016097,225
0016098,226
0016099,227
類神經網路概論,228
0016100,229
0016101,230
0016102,231
0016104,232
0016105,233
資料中心網路技術,234
0016106,235
0016107,236
0016108,237
0016109,238
0016110,239
雲端計算系統與實務,240
0016201,241
0016202,242
0016203,243
0016204,244
0016205,245
0016206,246
圖形識別概論,247
0016207,248
0016208,249
0016209,250
0016210,251
0016211,252
0016212,253
0016213,254
0016214,255
0016215,256
0016216,257
計算機圖學,258
0016217,259
0016218,260
0016219,261
0016220,262
0016221,263
0016222,264
0016223,265
0016224,266
0016225,267
0016226,268
0016227,269
無線多媒體網路,270
0016228,271
0016229,272
0016230,273
0016231,274
0016233,275
0016234,276
0016235,277
0016236,278
0016237,279
0016238,280
0016239,281
0016240,282
0016241,283
0016242,284
0016243,285
0016245,286
0016246,287
0016247,288
0016249,289
0016251,290
0016252,291
網際網路規約,292
0016253,293
0016254,294
0016255,295
0016301,296
0016302,297
0016303,298
0016304,299
0016305,300
0016306,301
0016307,302
0016308,303
0016309,304
0016310,305
0016311,306
軟體除錯,307
0016312,308
0016313,309
0016314,310
0016315,311
0016316,312
0016317,313
0016318,314
0016319,315
0016320,316
0016321,317
0016322,318
0016323,319
0016324,320
0016325,321
0016326,322
軟硬體協同設計概論與實作,323
節能高效計算,324
圖形理論,325
0016327,326
0016328,327
0016329,328
0016330,329
0016332,330
0016333,331
0016335,332
0016337,333
0016338,334
0040074,335
0040075,336
0040080,337
手機應用軟體開發與創意專題,338
0040098,339
0040103,340
高等JAVA程式設計,341
0045026,342
0045040,343
電子商務中介軟體架構及應用,344
0045042,345
0045044,346
0045046,347
0045047,348
0056001,349
0056002,350
虛擬機器,351
行動無線網路安全,352
雲端作業系統,353
0056003,354
0056004,355
0056005,356
0056006,357
0056007,358
0056009,359
0056010,360
0056011,361
多媒體資訊系統,362
互動式形變,363
0056012,364
視訊處理,365
多媒體內容擷取,366
0056013,367
0056014,368
0056015,369
分散式演算法,370
逼近演算法,371
0056016,372
密碼理論,373
0056017,374
VLSI設計與實作,375
無線網路協定與技術,376
0056018,377
虛擬化技術,378
0056019,379
網路最佳化,380
0056020,381
嵌入式系統軟體與開發工具設計,382
數位電視系統設計,383
0056021,384
0056022,385
0056023,386
0056024,387
生醫訊號處理,388
0056025,389
0056026,390
0056027,391
資料庫系統專題,392
0056028,393
0056029,394
IP網路多點傳播技術與服務研討,395
區域網路,396
排隊理論,397
0056031,398
0056032,399
檔案與儲存系統,400
0056033,401
應用導向網路系統架構與管理,402
0056034,403
資訊擷取與網路探勘,404
0056035,405
0056036,406
容錯計算,407
0056037,408
行動通訊網路與應用,409
0056038,410
0056039,411
0056040,412
0056041,413
0056043,414
0056044,415
0056047,416
三維生醫繪圖電子系統應用專題,417
多核心晶片設計實作,418
0056048,419
0056049,420
0056050,421
0056051,422
高速網路,423
0056052,424
0056053,425
0056054,426
0056055,427
0056056,428
0056057,429
0056058,430
0056059,431
0056060,432
0056067,433
0056068,434
0056069,435
0056070,436
0056072,437
無線感測網路,438
0056073,439
適應性訊號處理,440
0056074,441
0056075,442
博士學位論文研究,443
0056076,444
0056077,445
0056078,446
0056079,447
軟體工程,448
0056080,449
0056081,450
0056082,451
0056083,452
0056084,453
0056085,454
0056086,455
0056087,456
車輛定位與電子地圖整合服務,457
0056088,458
0056089,459
雲端計算與服務導向軟體架構,460
0056090,461
0056091,462
0056092,463
0056093,464
0056094,465
認知神經工程,466
0056095,467
0056096,468
0056097,469
橢圓曲線密碼學,470
0056098,471
0056099,472
0056100,473
0056101,474
0056102,475
0056103,476
0056104,477
0056105,478
0056106,479
0056107,480
雲端資料探勘,481
0056108,482
0056109,483
0056110,484
類神經網路,485
0056111,486
0056112,487
0056113,488
0056114,489
0056115,490
0056116,491
0056117,492
0056118,493
0056119,494
0056120,495
0056122,496
0056123,497
0056125,498
0056126,499
0056127,500
0056128,501
0056129,502
0056130,503
0056131,504
0056132,505
0056133,506
0056134,507
0056135,508
0056136,509
0056137,510
0056138,511
網際網路路由器,512
寬頻無線接取、網路和應用,513
0056139,514
0056142,515
0056143,516
0056501,517
0056502,518
0056503,519
0056504,520
0056505,521
0056506,522
0056507,523
0056508,524
0056509,525
0056510,526
0056511,527
0056513,528
0056516,529
0056517,530
0056518,531
0056519,532
0056520,533
0056521,534
0056522,535
0056523,536
0056524,537
0056525,538
0056526,539
0056527,540
計算型智慧與應用,541
0056528,542
隨機程序,543
0056529,544
0056530,545
0056532,546
0056533,547
0056535,548
0056536,549
0056537,550
0056538,551
0056539,552
0056540,553
0056541,554
物聯網應用系統實作,555
0056542,556
0056543,557
0056544,558
0056545,559
0056546,560
0056548,561
0056550,562
0056552,563
0056553,564
0056554,565
0056601,566
0056602,567
0056603,568
0056604,569
0056606,570
0056607,571
0056608,572
0056609,573
0056610,574
0056611,575
0056612,576
0056613,577
0056614,578
0056615,579
0056616,580
0056617,581
0056618,582
非擬真顯像,583
0056619,584
0056620,585
0056621,586
0056623,587
0056624,588
0056625,589
0056626,590
0056627,591
0056628,592
0056629,593
0056630,594
0056631,595
0056632,596
0056633,597
0056635,598
0056636,599
0056638,600
0056639,601
0056640,602
0056641,603
0056642,604
0056643,605
0056644,606
0056645,607
0056646,608
0056647,609
0056648,610
0056649,611
0056650,612
0056651,613
0056652,614
0056653,615
0056654,616
0056655,617
0056658,618
0056701,619
0056702,620
虛擬醫用儀表,621
使用者經驗與易用性評估,622
0056703,623
0056704,624
0056705,625
0056706,626
0056707,627
0056708,628
0056709,629
0056710,630
0056711,631
0056712,632
0056713,633
0056716,634
0056803,635
0056805,636
0056807,637
0056809,638
0056813,639
0056814,640
0056815,641
0056817,642
0056818,643
0056819,644
0056820,645
0056822,646
0056824,647
0056826,648
0086001,649
0086003,650
資訊科技創新企業設計概論,651
0086004,652
0086005,653
0086009,654
0086010,655
0086011,656
APP創業與實作,657
0086012,658
0086014,659
0086015,660
網路晶片設計,661
0086016,662
0086017,663
0086018,664
0086019,665
0086020,666
0086021,667
0086023,668
0086024,669
0086025,670
0086027,671
0086028,672
0086029,673
0086030,674
0086031,675
0086032,676
0086033,677
0086034,678
0086035,679
0086036,680
0086037,681
0086038,682
0086039,683
0086040,684
0086041,685
0086042,686
0086043,687
物聯網核心技術及應用專題,688
0086045,689
網路電視系統設計與節目製作專題,690
0086048,691
0086049,692
0086050,693
0086051,694
0086052,695
0086053,696
0086054,697
隨機演算法,698
0086055,699
0086056,700
腦功能造影,701
0086057,702
0111014,703
巨量資料分析技術與應用 ,704
0111025,705
0111033,706
物聯網概論,707
0111036,708
系統管理實務,709
0111215,710
0111223,711
0111248,712
0111258,713
軟體測試,714
0111279,715
0112221,716
科技與電影,717
0112251,718
電腦安全實務,719
網路管理實務,720
0113110,721
競技程式設計(一),722
競技程式設計(二),723
競技程式設計(三),724
0113118,725
0113312,726
0113354,727
雲端系統概論,728
機器學習概論,729
0116001,730
0116002,731
0116003,732
0116004,733
0116005,734
0116006,735
0116007,736
0116008,737
0116009,738
0116010,739
0116011,740
0116012,741
0116013,742
0116014,743
0116015,744
0116016,745
0116017,746
0116018,747
0116019,748
0116020,749
0116021,750
0116022,751
0116023,752
0116024,753
0116025,754
創業實務,755
0116026,756
0116028,757
0116029,758
0116030,759
0116031,760
0116032,761
0116033,762
0116034,763
0116035,764
0116037,765
0116038,766
0116039,767
0116040,768
多核心程式設計與工具,769
0116041,770
0116042,771
物聯網應用設計與實作,772
0116044,773
0116045,774
0116046,775
視覺技術於智慧型運輸系統之應用,776
0116047,777
0116048,778
0116049,779
0116050,780
0116051,781
0116052,782
0116053,783
0116054,784
0116055,785
高等UNIX程式設計,786
0116056,787
0116057,788
0116058,789
0116059,790
0116061,791
0116062,792
0116063,793
0116064,794
0116065,795
0116066,796
0116067,797
0116068,798
0116069,799
0116070,800
0116071,801
0116072,802
0116073,803
0116074,804
0116075,805
0116076,806
0116077,807
0116078,808
0116079,809
0116080,810
0116081,811
0116084,812
0116086,813
0116087,814
0116088,815
0116089,816
0116090,817
0116091,818
0116092,819
0116093,820
0116094,821
0116095,822
0116097,823
0116099,824
0116100,825
0116101,826
0116102,827
0116201,828
0116202,829
0116203,830
0116205,831
0116206,832
0116207,833
0116208,834
0116209,835
0116210,836
0116211,837
0116212,838
0116213,839
0116214,840
0116215,841
0116216,842
0116217,843
0116218,844
0116219,845
0116220,846
0116221,847
0116222,848
0116223,849
0116224,850
0116226,851
0116227,852
0116228,853
0116229,854
0116230,855
軟體工程實務,856
0116231,857
0116232,858
0116233,859
0116234,860
0116235,861
0116236,862
0116237,863
0116238,864
0116239,865
0116240,866
0116241,867
0116242,868
計算方法之實務應用,869
0116243,870
0116244,871
0116245,872
0116247,873
0116248,874
0116249,875
0116251,876
0116301,877
0116302,878
0116303,879
0116305,880
0116307,881
0116308,882
0116309,883
0116311,884
0116312,885
0116313,886
0116314,887
0116315,888
0116316,889
0116317,890
0116318,891
0116319,892
0116320,893
0116321,894
0116322,895
0116323,896
0116324,897
0116325,898
0116326,899
0116327,900
0116328,901
0116330,902
0116332,903
0116333,904
0116336,905
0116338,906
0116339,907
0116340,908
0116341,909
雲端架構之4G/LTE網路和應用,910
0116342,911
0140002,912
0140003,913
0140021,914
0140045,915
0140079,916
0140096,917
0140097,918
0140101,919
0140102,920
0140103,921
0140110,922
0140111,923
0140120,924
0140123,925
0140129,926
0140134,927
0140143,928
0140161,929
0140167,930
0140181,931
0140184,932
0145017,933
0145018,934
0145019,935
0145020,936
0145054,937
遍佈式計算,938
0145059,939
0145060,940
0156001,941
0156002,942
0156003,943
0156004,944
0156005,945
行動資料管理,946
0156006,947
0156007,948
0156008,949
0156010,950
0156012,951
0156013,952
0156014,953
0156015,954
0156016,955
0156017,956
0156019,957
0156021,958
0156022,959
0156024,960
0156025,961
0156026,962
0156027,963
0156028,964
0156029,965
0156030,966
0156031,967
0156032,968
0156033,969
0156034,970
0156035,971
0156036,972
0156037,973
0156038,974
0156039,975
0156040,976
0156041,977
0156042,978
0156043,979
0156044,980
0156046,981
0156047,982
0156048,983
0156049,984
0156050,985
0156051,986
0156052,987
0156053,988
0156054,989
0156055,990
0156056,991
0156057,992
0156058,993
0156059,994
0156060,995
0156061,996
0156062,997
0156063,998
0156064,999
0156065,1000
0156066,1001
0156068,1002
0156069,1003
0156071,1004
0156072,1005
0156073,1006
0156074,1007
0156075,1008
0156076,1009
0156077,1010
0156078,1011
0156079,1012
0156080,1013
0156081,1014
0156082,1015
0156083,1016
0156084,1017
0156085,1018
0156086,1019
0156087,1020
0156088,1021
0156089,1022
0156090,1023
0156091,1024
0156092,1025
0156093,1026
0156094,1027
0156095,1028
0156096,1029
0156097,1030
0156098,1031
0156099,1032
0156100,1033
0156101,1034
0156102,1035
0156103,1036
0156104,1037
0156105,1038
0156106,1039
0156107,1040
0156108,1041
0156109,1042
0156110,1043
0156112,1044
0156113,1045
0156114,1046
0156115,1047
0156116,1048
0156117,1049
0156119,1050
0156120,1051
0156121,1052
0156122,1053
0156123,1054
0156124,1055
0156126,1056
0156128,1057
0156129,1058
0156131,1059
0156137,1060
0156138,1061
0156139,1062
0156140,1063
0156141,1064
0156142,1065
0156143,1066
0156144,1067
0156145,1068
0156146,1069
0156147,1070
0156148,1071
0156149,1072
0156150,1073
0156151,1074
0156152,1075
0156153,1076
0156154,1077
0156155,1078
0156502,1079
0156503,1080
0156504,1081
0156505,1082
0156506,1083
0156507,1084
0156508,1085
0156510,1086
0156511,1087
0156511x,1088
0156512,1089
0156513,1090
0156514,1091
0156515,1092
0156516,1093
新世代無線網路協定與技術,1094
0156517,1095
0156518,1096
0156519,1097
0156520,1098
0156521,1099
0156522,1100
0156523,1101
0156524,1102
0156525,1103
0156526,1104
0156527,1105
0156528,1106
0156529,1107
0156530,1108
0156531,1109
0156532,1110
0156533,1111
0156534,1112
0156535,1113
0156536,1114
0156537,1115
0156538,1116
0156539,1117
0156541,1118
0156542,1119
0156543,1120
0156544,1121
0156545,1122
0156546,1123
0156547,1124
0156548,1125
0156549,1126
0156551,1127
0156552,1128
0156553,1129
0156554,1130
0156556,1131
0156601,1132
0156602,1133
0156603,1134
0156604,1135
0156605,1136
0156605x,1137
0156606,1138
0156607,1139
0156608,1140
0156609,1141
0156610,1142
0156611,1143
0156612,1144
0156613,1145
0156614,1146
0156614x,1147
0156615,1148
0156616,1149
0156617,1150
3GPP 長期演進行動通訊協定基礎與趨勢,1151
互動設計與虛擬實境,1152
設計未來互動技術,1153
0156617x,1154
0156618,1155
0156619,1156
0156620,1157
0156621,1158
0156622,1159
0156623,1160
0156624,1161
0156625,1162
0156626,1163
0156627,1164
0156628,1165
0156629,1166
0156630,1167
0156631,1168
0156633,1169
0156634,1170
0156635,1171
0156636,1172
0156637,1173
0156638,1174
0156639,1175
0156640,1176
0156641,1177
0156642,1178
0156643,1179
0156644,1180
0156647,1181
0156648,1182
0156649,1183
0156650,1184
0156651,1185
0156652,1186
0156654,1187
0156701,1188
0156702,1189
0156703,1190
0156704,1191
0156705,1192
0156706,1193
0156707,1194
0156708,1195
0156709,1196
0156710,1197
0156711,1198
0156712,1199
0156713,1200
0156714,1201
0156715,1202
0156716,1203
0156717,1204
0156718,1205
0156719,1206
0156720,1207
0156722,1208
0156726,1209
0156727,1210
0156730,1211
0156802,1212
0156808,1213
0156809,1214
0156811,1215
0156814,1216
0156815,1217
0156817,1218
0156818,1219
0156822,1220
0156824,1221
0186001,1222
0186002,1223
0186004,1224
0186005,1225
0186006,1226
0186008,1227
0186009,1228
0186011,1229
0186012,1230
0186013,1231
0186014,1232
下世代行動寬頻關鍵技術,1233
博士班書報討論,1234
0186017,1235
0186018,1236
雲端系統管理,1237
0186019,1238
數位訊號處理,1239
0186022,1240
0186023,1241
0186026,1242
0186027,1243
0186028,1244
0186029,1245
0186030,1246
0186031,1247
0186032,1248
服務導向軟體程式設計,1249
0186033,1250
0186034,1251
0186035,1252
0186037,1253
0186038,1254
0211016,1255
深度學習與實務,1256
0211229,1257
0211230,1258
0211232,1259
0211261,1260
0212239,1261
0213344,1262
0213353,1263
系統化軟體開發實務,1264
0216001,1265
0216002,1266
0216003,1267
0216004,1268
0216005,1269
0216006,1270
0216007,1271
0216008,1272
0216009,1273
LabVIEW 程式語言,1274
0216010,1275
0216011,1276
0216012,1277
0216013,1278
0216014,1279
0216015,1280
0216016,1281
0216017,1282
0216018,1283
0216019,1284
0216020,1285
0216021,1286
0216022,1287
0216023,1288
0216024,1289
0216025,1290
0216026,1291
0216027,1292
0216028,1293
0216029,1294
0216030,1295
0216031,1296
0216032,1297
0216033,1298
0216034,1299
0216035,1300
0216036,1301
0216037,1302
0216038,1303
0216039,1304
0216040,1305
計算數論,1306
0216041,1307
0216042,1308
0216043,1309
0216044,1310
0216045,1311
0216046,1312
0216047,1313
0216048,1314
0216049,1315
0216050,1316
0216051,1317
0216052,1318
0216053,1319
0216054,1320
0216055,1321
0216056,1322
0216057,1323
0216058,1324
0216059,1325
0216061,1326
0216062,1327
0216063,1328
使用者中心互動介面設計,1329
0216064,1330
0216065,1331
0216066,1332
0216067,1333
0216068,1334
0216069,1335
0216070,1336
0216071,1337
0216072,1338
0216073,1339
0216075,1340
0216076,1341
0216077,1342
0216079,1343
0216081,1344
0216085,1345
0216086,1346
0216087,1347
0216088,1348
0216089,1349
0216090,1350
0216092,1351
0216093,1352
0216094,1353
0216095,1354
0216096,1355
0216097,1356
0216098,1357
資料結構與物件導向程式設計,1358
0216099,1359
0216100,1360
0216101,1361
0216102,1362
0216103,1363
0216201,1364
0216202,1365
0216203,1366
0216204,1367
0216205,1368
0216206,1369
0216207,1370
0216208,1371
0216209,1372
0216210,1373
0216211,1374
0216212,1375
0216213,1376
0216215,1377
0216216,1378
0216217,1379
0216218,1380
0216219,1381
0216220,1382
0216221,1383
0216222,1384
0216223,1385
0216224,1386
0216225,1387
0216226,1388
0216227,1389
0216228,1390
0216229,1391
0216230,1392
0216231,1393
0216232,1394
0216233,1395
0216234,1396
0216235,1397
0216236,1398
0216237,1399
0216239,1400
0216240,1401
0216241,1402
0216242,1403
0216243,1404
0216244,1405
服務導向軟體工程,1406
0216246,1407
0216247,1408
0216248,1409
0216249,1410
0216301,1411
0216302,1412
0216303,1413
0216305,1414
0216306,1415
0216307,1416
0216308,1417
0216309,1418
0216310,1419
0216313,1420
0216314,1421
0216315,1422
0216316,1423
0216317,1424
0216318,1425
0216319,1426
0216320,1427
0216321,1428
0216322,1429
0216323,1430
0216324,1431
0216325,1432
0216326,1433
0216327,1434
0216328,1435
0216330,1436
0216331,1437
0216332,1438
0216333,1439
0216334,1440
0216335,1441
0216336,1442
0216337,1443
0216338,1444
巨量資料分析技術與應用,1445
0216341,1446
0240012,1447
0240020,1448
0240031,1449
0240041,1450
0240042,1451
0240047,1452
0240055,1453
0240063,1454
0240064,1455
0240069,1456
0240071,1457
0240072,1458
0240091,1459
0240120,1460
0240122,1461
0240141,1462
0240149,1463
0240165,1464
0240166,1465
0240169,1466
0240178,1467
0240185,1468
0240187,1469
0240188,1470
0240195,1471
0240207,1472
0240212,1473
0240220,1474
0240245,1475
0240247,1476
0240248,1477
0245002,1478
0245033,1479
0245034,1480
0245035,1481
0245036,1482
0245073,1483
0245074,1484
0245085,1485
0250288,1486
0256001,1487
0256003,1488
0256004,1489
0256005,1490
0256006,1491
0256007,1492
0256009,1493
0256010,1494
0256011,1495
0256013,1496
0256014,1497
0256015,1498
0256017,1499
0256018,1500
0256019,1501
0256020,1502
0256021,1503
0256022,1504
0256023,1505
0256025,1506
0256026,1507
0256027,1508
0256028,1509
0256029,1510
0256030,1511
0256031,1512
0256032,1513
0256033,1514
數位電視廣播與串流,1515
0256034,1516
0256035,1517
0256036,1518
0256038,1519
0256039,1520
網路效能分析,1521
0256040,1522
0256041,1523
0256042,1524
0256043,1525
0256044,1526
0256046,1527
0256047,1528
0256048,1529
0256049,1530
0256050,1531
0256052,1532
0256053,1533
0256054,1534
0256055,1535
0256056,1536
0256058,1537
0256059,1538
0256060,1539
0256061,1540
0256062,1541
0256063,1542
0256064,1543
0256065,1544
0256066,1545
0256067,1546
0256068,1547
0256069,1548
0256070,1549
0256071,1550
0256074,1551
0256075,1552
0256076,1553
0256077,1554
0256078,1555
0256079,1556
車輛視覺系統,1557
0256081,1558
0256082,1559
0256083,1560
0256084,1561
0256085,1562
0256087,1563
0256088,1564
0256089,1565
0256090,1566
0256091,1567
0256092,1568
0256093,1569
0256094,1570
0256095,1571
0256098,1572
0256100,1573
0256101,1574
0256103,1575
0256105,1576
0256106,1577
0256107,1578
0256108,1579
0256109,1580
0256110,1581
0256111,1582
0256112,1583
0256113,1584
0256114,1585
0256115,1586
0256116,1587
0256117,1588
0256118,1589
0256119,1590
0256121,1591
0256122,1592
0256123,1593
影像式模型與顯像技術,1594
0256125,1595
0256126,1596
0256127,1597
0256128,1598
0256129,1599
0256130,1600
0256131,1601
0256140,1602
0256141,1603
0256142,1604
0256143,1605
0256144,1606
微流體生物晶片設計自動化,1607
0256145,1608
0256146,1609
0256147,1610
0256148,1611
0256149,1612
0256150,1613
0256151,1614
0256152,1615
0256154,1616
0256159,1617
0256160,1618
0256161,1619
0256162,1620
0256164,1621
0256501,1622
0256502,1623
0256503,1624
0256504,1625
0256506,1626
0256507,1627
0256508,1628
0256509,1629
0256510,1630
0256511,1631
0256512,1632
0256513,1633
0256514,1634
0256515,1635
0256516,1636
0256518,1637
0256519,1638
0256520,1639
0256521,1640
0256522,1641
0256523,1642
0256524,1643
0256525,1644
0256526,1645
0256527,1646
0256528,1647
0256529,1648
0256530,1649
0256531,1650
0256532,1651
0256533,1652
0256534,1653
0256537,1654
0256538,1655
0256539,1656
0256540,1657
0256541,1658
0256542,1659
0256543,1660
0256544,1661
0256545,1662
0256546,1663
0256547,1664
0256548,1665
0256549,1666
0256550,1667
0256553,1668
0256555,1669
0256601,1670
0256602,1671
0256603,1672
0256604,1673
0256605,1674
0256606,1675
0256607,1676
0256608,1677
0256609,1678
0256610,1679
0256611,1680
0256612,1681
0256613,1682
0256614,1683
0256615,1684
0256616,1685
0256617,1686
0256618,1687
0256620,1688
0256621,1689
0256622,1690
0256623,1691
0256624,1692
0256625,1693
0256626,1694
0256627,1695
0256628,1696
0256631,1697
0256632,1698
0256633,1699
0256634,1700
0256635,1701
0256639,1702
0256640,1703
0256641,1704
0256642,1705
0256643,1706
0256644,1707
0256646,1708
0256647,1709
0256648,1710
0256649,1711
0256650,1712
0256651,1713
0256652,1714
0256653,1715
0256656,1716
0256657,1717
0256659,1718
0256702,1719
0256801,1720
0256803,1721
0256807,1722
0256808,1723
0256810,1724
0256811,1725
0256812,1726
0256813,1727
0256814,1728
0256815,1729
0256816,1730
0256817,1731
0256820,1732
0256823,1733
0256824,1734
0256825,1735
0286001,1736
0286003,1737
0286004,1738
0286005,1739
0286007,1740
0286008,1741
0286009,1742
0286011,1743
0286012,1744
0286013,1745
0286014,1746
0286015,1747
0286016,1748
0286017,1749
0286018,1750
0286021,1751
0286022,1752
0286023,1753
0286024,1754
0286025,1755
0286026,1756
0286030,1757
0286031,1758
0286032,1759
0286033,1760
VLSI數位訊號處理架構設計,1761
0286901,1762
0286902,1763
0286903,1764
0286904,1765
0310511,1766
自然語言處理,1767
0311020,1768
無人機自動飛航與電腦視覺概論,1769
0311035,1770
0311222,1771
0311241,1772
0311258,1773
0311274,1774
0311550,1775
0311614,1776
0312012,1777
0312203,1778
0312209,1779
0312236,1780
0312238,1781
0312510,1782
0312512,1783
0312546,1784
0313335,1785
0313342,1786
0313354,1787
0313404,1788
0313415,1789
0316001,1790
0316002,1791
0316003,1792
0316004,1793
機器學習,1794
數字貨幣與區塊鏈技術及應用概論,1795
0316005,1796
0316006,1797
0316007,1798
物聯網裝置與平台,1799
0316008,1800
0316010,1801
0316011,1802
0316012,1803
0316013,1804
0316014,1805
0316015,1806
0316016,1807
0316017,1808
0316018,1809
0316019,1810
0316020,1811
0316021,1812
0316022,1813
0316023,1814
0316024,1815
0316025,1816
0316026,1817
無線行動網路的協議和系統設計,1818
0316027,1819
0316028,1820
0316029,1821
組合最佳化演算法,1822
0316030,1823
0316031,1824
0316032,1825
0316033,1826
0316034,1827
0316035,1828
0316036,1829
0316037,1830
0316038,1831
0316039,1832
0316041,1833
0316042,1834
0316043,1835
0316044,1836
0316045,1837
0316046,1838
0316047,1839
0316048,1840
0316049,1841
0316050,1842
0316051,1843
0316052,1844
0316053,1845
0316054,1846
0316055,1847
0316056,1848
0316057,1849
0316058,1850
0316059,1851
0316060,1852
0316061,1853
0316062,1854
0316063,1855
0316064,1856
0316065,1857
0316066,1858
0316067,1859
資料流分析演算法,1860
0316069,1861
0316070,1862
0316071,1863
0316072,1864
0316073,1865
0316074,1866
0316075,1867
0316076,1868
0316077,1869
0316078,1870
0316080,1871
0316081,1872
0316082,1873
0316083,1874
0316084,1875
0316085,1876
0316086,1877
0316087,1878
0316088,1879
0316089,1880
0316090,1881
0316091,1882
0316092,1883
0316094,1884
0316095,1885
0316096,1886
0316097,1887
0316098,1888
0316100,1889
0316101,1890
0316102,1891
0316103,1892
嵌入式即時系統,1893
0316104,1894
0316105,1895
0316107,1896
0316201,1897
0316202,1898
0316203,1899
0316204,1900
0316205,1901
0316206,1902
0316207,1903
0316208,1904
0316209,1905
0316210,1906
0316211,1907
0316212,1908
0316213,1909
0316214,1910
0316215,1911
0316217,1912
0316218,1913
0316219,1914
0316220,1915
0316221,1916
0316222,1917
0316223,1918
0316224,1919
0316225,1920
0316226,1921
0316227,1922
0316228,1923
0316229,1924
0316230,1925
0316231,1926
0316232,1927
0316233,1928
0316234,1929
0316235,1930
0316236,1931
0316237,1932
0316238,1933
0316239,1934
0316240,1935
0316241,1936
0316245,1937
0316248,1938
0316249,1939
0316250,1940
0316251,1941
0316253,1942
0316254,1943
0316255,1944
0316301,1945
0316302,1946
0316303,1947
0316304,1948
0316305,1949
0316306,1950
0316307,1951
0316308,1952
0316309,1953
0316310,1954
0316311,1955
0316312,1956
0316313,1957
0316314,1958
0316315,1959
0316316,1960
0316317,1961
0316318,1962
0316319,1963
0316320,1964
0316321,1965
0316322,1966
0316323,1967
0316324,1968
0316325,1969
0316327,1970
0316328,1971
0316329,1972
0316330,1973
0316331,1974
0316336,1975
0316337,1976
0316338,1977
0316339,1978
0316340,1979
0316341,1980
0316342,1981
0317001,1982
0317023,1983
0317027,1984
0317051,1985
0340026,1986
0340029,1987
0340038,1988
0340058,1989
0340059,1990
0340074,1991
0340083,1992
0340093,1993
0340094,1994
0340096,1995
0340104,1996
0340106,1997
0340108,1998
0340111,1999
0340131,2000
0340143,2001
0340175,2002
0340186,2003
0340192,2004
0340194,2005
0340199,2006
0340211,2007
0340214,2008
0340218,2009
0340221,2010
0340222,2011
0340223,2012
0340224,2013
0340247,2014
0340249,2015
0340250,2016
0340254,2017
0340264,2018
0340271,2019
0340282,2020
0340297,2021
0340298,2022
0340299,2023
0340304,2024
0340308,2025
0340310,2026
0340312,2027
0340328,2028
0340329,2029
0340330,2030
0340333,2031
0340336,2032
0340337,2033
0340339,2034
0340341,2035
0345008,2036
0345014,2037
0345032,2038
0345036,2039
0345058,2040
0345059,2041
0345064,2042
0345076,2043
0345110,2044
0351079,2045
0356001,2046
0356002,2047
0356003,2048
0356004,2049
0356005,2050
0356006,2051
0356007,2052
0356008,2053
0356009,2054
0356010,2055
0356011,2056
0356012,2057
0356013,2058
0356014,2059
0356015,2060
0356016,2061
0356017,2062
0356018,2063
0356019,2064
0356020,2065
0356021,2066
0356022,2067
0356023,2068
0356024,2069
0356025,2070
0356026,2071
0356027,2072
0356028,2073
0356029,2074
0356031,2075
0356032,2076
0356033,2077
0356034,2078
0356035,2079
0356036,2080
0356037,2081
0356038,2082
0356039,2083
0356040,2084
0356042,2085
0356043,2086
0356044,2087
0356045,2088
0356046,2089
0356047,2090
0356048,2091
資料探勘與應用,2092
0356049,2093
0356050,2094
0356051,2095
0356052,2096
0356053,2097
0356054,2098
0356055,2099
0356056,2100
0356057,2101
0356058,2102
0356060,2103
0356061,2104
0356062,2105
0356063,2106
0356064,2107
0356065,2108
0356066,2109
0356068,2110
0356069,2111
0356070,2112
0356071,2113
0356073,2114
0356074,2115
0356075,2116
0356076,2117
0356077,2118
0356078,2119
0356079,2120
0356080,2121
0356081,2122
0356082,2123
0356083,2124
0356084,2125
0356085,2126
0356086,2127
0356087,2128
0356088,2129
0356089,2130
0356090,2131
0356091,2132
0356092,2133
系統與網路管理實習(二),2134
0356093,2135
0356094,2136
0356095,2137
0356096,2138
0356097,2139
0356098,2140
0356099,2141
0356100,2142
0356102,2143
0356104,2144
0356106,2145
0356107,2146
0356108,2147
0356109,2148
0356110,2149
0356112,2150
0356113,2151
0356114,2152
0356115,2153
0356116,2154
0356117,2155
0356118,2156
0356119,2157
0356120,2158
0356124,2159
0356125,2160
0356126,2161
0356127,2162
0356128,2163
0356129,2164
0356130,2165
0356131,2166
0356132,2167
0356133,2168
0356134,2169
0356135,2170
0356136,2171
0356137,2172
0356138,2173
0356139,2174
0356144,2175
0356145,2176
0356146,2177
0356147,2178
0356148,2179
0356149,2180
0356150,2181
0356151,2182
0356152,2183
0356153,2184
0356154,2185
0356155,2186
0356156,2187
科技計畫與專利創意提案,2188
0356157,2189
0356158,2190
0356159,2191
0356160,2192
0356161,2193
0356162,2194
0356163,2195
0356164,2196
0356165,2197
0356166,2198
0356168,2199
0356169,2200
0356170,2201
系統與網路管理實習(一),2202
0356501,2203
0356502,2204
0356503,2205
0356504,2206
0356505,2207
0356506,2208
0356507,2209
0356508,2210
0356509,2211
0356510,2212
0356511,2213
0356512,2214
0356513,2215
0356514,2216
0356515,2217
0356516,2218
0356517,2219
0356518,2220
0356519,2221
0356520,2222
0356521,2223
0356522,2224
0356523,2225
0356524,2226
0356525,2227
0356526,2228
0356527,2229
0356528,2230
0356529,2231
0356530,2232
0356531,2233
0356532,2234
0356533,2235
0356534,2236
0356535,2237
0356536,2238
0356537,2239
0356538,2240
0356539,2241
0356540,2242
0356541,2243
0356542,2244
0356544,2245
0356545,2246
0356548,2247
0356549,2248
0356551,2249
0356552,2250
0356553,2251
0356555,2252
0356558,2253
0356601,2254
0356602,2255
0356603,2256
0356604,2257
0356605,2258
0356606,2259
0356607,2260
0356608,2261
0356609,2262
0356610,2263
0356611,2264
0356613,2265
0356614,2266
0356615,2267
0356616,2268
0356617,2269
0356618,2270
0356619,2271
0356620,2272
0356621,2273
0356622,2274
0356623,2275
0356624,2276
0356625,2277
0356626,2278
0356627,2279
0356628,2280
0356629,2281
0356630,2282
0356631,2283
0356632,2284
0356633,2285
0356634,2286
0356635,2287
0356636,2288
0356637,2289
0356638,2290
0356639,2291
0356640,2292
0356641,2293
0356642,2294
0356643,2295
0356644,2296
0356645,2297
0356646,2298
0356647,2299
0356649,2300
0356650,2301
0356651,2302
0356652,2303
0356803,2304
0356816,2305
0356819,2306
0356821,2307
0356824,2308
0386002,2309
0386003,2310
0386006,2311
0386009,2312
0386010,2313
0386011,2314
0386012,2315
0386013,2316
0386014,2317
0386015,2318
0386016,2319
0386017,2320
0386019,2321
0386020,2322
0386023,2323
0386024,2324
0386026,2325
0386027,2326
0386028,2327
0386029,2328
0386030,2329
0386031,2330
0386032,2331
0386033,2332
0386034,2333
0386035,2334
0386036,2335
0386038,2336
0386901,2337
0386902,2338
0386903,2339
0410750,2340
0411081,2341
0411228,2342
0411246,2343
0411254,2344
0411276,2345
0411306,2346
0412236,2347
0412237,2348
0412241,2349
0412248,2350
0412253,2351
0412509,2352
0412528,2353
0413107,2354
0413220,2355
0413234,2356
0413249,2357
0413324,2358
0413328,2359
0413335,2360
0413354,2361
0413358,2362
0413359,2363
0416001,2364
0416002,2365
0416004,2366
0416005,2367
0416006,2368
0416007,2369
0416008,2370
0416009,2371
0416010,2372
0416011,2373
0416012,2374
0416014,2375
0416015,2376
0416016,2377
0416018,2378
0416019,2379
0416020,2380
0416021,2381
0416022,2382
0416024,2383
0416025,2384
0416026,2385
0416027,2386
計算機視覺,2387
0416028,2388
0416029,2389
0416030,2390
0416031,2391
0416032,2392
0416033,2393
0416034,2394
0416035,2395
0416036,2396
0416037,2397
軟體定義網路及網路功能虛擬化,2398
0416038,2399
0416039,2400
0416040,2401
0416041,2402
0416042,2403
0416043,2404
0416044,2405
0416045,2406
0416046,2407
0416047,2408
0416048,2409
0416049,2410
0416050,2411
0416051,2412
0416052,2413
0416053,2414
0416054,2415
0416055,2416
0416056,2417
0416057,2418
0416058,2419
0416059,2420
0416060,2421
0416061,2422
0416062,2423
0416063,2424
0416064,2425
0416065,2426
0416066,2427
0416067,2428
0416068,2429
0416069,2430
0416070,2431
0416071,2432
生涯規劃及導師時間,2433
0416073,2434
0416074,2435
0416075,2436
無線通訊系統設計與實作,2437
0416076,2438
0416077,2439
0416079,2440
0416080,2441
0416081,2442
0416082,2443
0416083,2444
0416084,2445
0416086,2446
0416087,2447
0416088,2448
0416089,2449
0416090,2450
0416091,2451
0416092,2452
0416093,2453
0416094,2454
0416095,2455
0416096,2456
0416097,2457
0416098,2458
0416100,2459
0416101,2460
0416102,2461
0416104,2462
0416105,2463
0416106,2464
0416107,2465
0416108,2466
0416109,2467
0416110,2468
0416111,2469
0416112,2470
0416201,2471
0416202,2472
0416203,2473
0416204,2474
0416205,2475
0416206,2476
0416207,2477
0416208,2478
0416209,2479
0416210,2480
0416211,2481
0416212,2482
0416213,2483
0416214,2484
0416215,2485
0416216,2486
0416217,2487
0416218,2488
0416219,2489
0416220,2490
0416221,2491
0416222,2492
0416223,2493
0416224,2494
0416225,2495
0416226,2496
0416227,2497
0416228,2498
0416229,2499
0416230,2500
0416231,2501
0416233,2502
0416234,2503
0416235,2504
0416236,2505
0416237,2506
0416238,2507
0416239,2508
0416240,2509
0416241,2510
0416242,2511
0416243,2512
0416244,2513
0416245,2514
0416246,2515
0416247,2516
0416248,2517
0416249,2518
0416250,2519
0416251,2520
0416252,2521
0416254,2522
0416255,2523
0416256,2524
0416257,2525
0416301,2526
0416302,2527
0416303,2528
0416304,2529
0416305,2530
0416306,2531
0416307,2532
0416308,2533
0416309,2534
0416310,2535
0416311,2536
0416312,2537
0416313,2538
0416314,2539
0416315,2540
0416316,2541
0416317,2542
0416319,2543
0416320,2544
0416321,2545
0416323,2546
0416324,2547
0416325,2548
0416326,2549
0416327,2550
0416328,2551
0416329,2552
0416330,2553
0416332,2554
0417034,2555
0440009,2556
0440010,2557
0440011,2558
0440012,2559
0440013,2560
0440014,2561
0440016,2562
0440022,2563
0440028,2564
0440031,2565
0440034,2566
0440050,2567
0440062,2568
0440066,2569
0440069,2570
0440073,2571
0440099,2572
0440100,2573
0440103,2574
0440119,2575
0440144,2576
0440145,2577
0440150,2578
0440155,2579
0440167,2580
0440169,2581
0440172,2582
0440193,2583
0440205,2584
0440206,2585
0440208,2586
0440218,2587
0440228,2588
0440238,2589
0440246,2590
0440260,2591
0445030,2592
0445031,2593
0445032,2594
0445033,2595
0445044,2596
0445175,2597
0456002,2598
0456003,2599
0456004,2600
0456005,2601
0456007,2602
0456008,2603
0456009,2604
0456011,2605
0456014,2606
0456015,2607
0456016,2608
0456017,2609
0456018,2610
0456019,2611
0456020,2612
0456023,2613
0456024,2614
0456026,2615
0456027,2616
0456028,2617
0456029,2618
0456030,2619
0456031,2620
0456032,2621
行動通訊技術與標準,2622
0456033,2623
0456034,2624
0456035,2625
0456036,2626
0456037,2627
0456038,2628
0456039,2629
0456041,2630
0456042,2631
0456043,2632
0456045,2633
0456046,2634
0456047,2635
0456048,2636
0456049,2637
0456052,2638
0456053,2639
0456054,2640
0456055,2641
0456056,2642
0456057,2643
0456058,2644
0456059,2645
0456060,2646
0456061,2647
0456062,2648
0456063,2649
0456065,2650
0456066,2651
0456067,2652
0456068,2653
0456069,2654
0456070,2655
0456071,2656
0456074,2657
0456075,2658
0456076,2659
0456077,2660
0456078,2661
0456079,2662
0456081,2663
0456082,2664
0456084,2665
0456085,2666
0456086,2667
0456087,2668
0456088,2669
0456089,2670
0456090,2671
0456091,2672
0456092,2673
0456093,2674
0456094,2675
校務系統開發與管理(一),2676
校務系統開發與管理(二),2677
0456095,2678
0456096,2679
0456097,2680
0456098,2681
0456099,2682
0456100,2683
0456101,2684
0456103,2685
0456104,2686
0456105,2687
0456106,2688
0456107,2689
0456109,2690
0456110,2691
0456111,2692
0456112,2693
0456113,2694
0456115,2695
0456116,2696
0456117,2697
0456118,2698
0456119,2699
0456120,2700
0456121,2701
0456122,2702
0456123,2703
0456124,2704
0456125,2705
0456126,2706
0456128,2707
0456129,2708
0456130,2709
0456131,2710
0456132,2711
0456133,2712
0456134,2713
0456135,2714
0456136,2715
0456139,2716
0456140,2717
0456141,2718
0456142,2719
0456143,2720
0456144,2721
0456145,2722
0456146,2723
0456147,2724
0456148,2725
0456149,2726
0456150,2727
0456151,2728
0456152,2729
0456153,2730
0456155,2731
0456156,2732
0456157,2733
0456158,2734
0456160,2735
0456161,2736
0456162,2737
0456163,2738
0456164,2739
0456166,2740
0456167,2741
0456168,2742
0456170,2743
0456172,2744
0456173,2745
0456175,2746
0456177,2747
0456178,2748
數據科學專題,2749
0456179,2750
0456180,2751
0456182,2752
0456183,2753
系統與網路管理實習,2754
0456501,2755
0456502,2756
0456503,2757
0456504,2758
0456505,2759
0456506,2760
計算複雜度,2761
0456508,2762
0456509,2763
0456510,2764
0456511,2765
0456512,2766
0456513,2767
0456514,2768
0456515,2769
0456516,2770
0456517,2771
0456519,2772
0456521,2773
0456522,2774
0456523,2775
0456524,2776
0456525,2777
0456526,2778
0456527,2779
0456529,2780
0456530,2781
0456531,2782
0456533,2783
0456534,2784
0456535,2785
0456536,2786
0456537,2787
0456538,2788
0456541,2789
0456542,2790
0456543,2791
0456544,2792
0456545,2793
0456546,2794
0456547,2795
0456548,2796
0456550,2797
0456552,2798
0456555,2799
0456601,2800
0456602,2801
0456603,2802
0456605,2803
0456606,2804
0456607,2805
0456609,2806
0456610,2807
0456611,2808
0456612,2809
0456613,2810
0456615,2811
0456616,2812
0456617,2813
0456618,2814
0456619,2815
0456620,2816
0456621,2817
0456622,2818
0456623,2819
0456624,2820
即時顯像技術,2821
0456625,2822
0456626,2823
0456628,2824
0456630,2825
0456631,2826
0456632,2827
0456633,2828
0456634,2829
0456636,2830
0456637,2831
0456638,2832
0456639,2833
0456641,2834
0456642,2835
0456643,2836
0456644,2837
0456645,2838
0456646,2839
0456648,2840
0456649,2841
0456650,2842
0456651,2843
0456652,2844
0456805,2845
0456806,2846
0456808,2847
0486001,2848
0486002,2849
0486003,2850
0486004,2851
0486006,2852
0486007,2853
0486008,2854
0486009,2855
0486013,2856
0486014,2857
0486015,2858
0486016,2859
0486017,2860
0486018,2861
0486019,2862
0486021,2863
0510507,2864
0510532,2865
0511030,2866
0511052,2867
0511080,2868
0511097,2869
0511606,2870
0512204,2871
0512209,2872
0513109,2873
0513311,2874
0513328,2875
0513406,2876
0513407,2877
0515341,2878
0516001,2879
0516002,2880
0516003,2881
0516004,2882
0516005,2883
0516006,2884
0516007,2885
0516008,2886
0516009,2887
0516010,2888
0516011,2889
0516012,2890
0516013,2891
0516014,2892
0516015,2893
0516016,2894
0516017,2895
0516018,2896
0516019,2897
0516020,2898
0516021,2899
0516022,2900
0516023,2901
0516024,2902
0516025,2903
0516026,2904
0516027,2905
0516028,2906
0516029,2907
0516030,2908
0516031,2909
0516032,2910
0516033,2911
0516034,2912
0516035,2913
0516036,2914
0516037,2915
0516038,2916
0516039,2917
0516040,2918
0516041,2919
0516042,2920
0516043,2921
0516044,2922
0516045,2923
0516046,2924
0516047,2925
0516048,2926
0516049,2927
0516050,2928
0516051,2929
0516052,2930
0516053,2931
0516054,2932
0516055,2933
0516056,2934
0516057,2935
0516058,2936
0516059,2937
0516060,2938
0516061,2939
0516062,2940
0516063,2941
0516064,2942
0516065,2943
0516066,2944
0516067,2945
0516068,2946
0516069,2947
0516070,2948
0516071,2949
0516072,2950
0516073,2951
0516074,2952
0516075,2953
0516076,2954
0516077,2955
0516079,2956
0516080,2957
0516081,2958
0516083,2959
0516085,2960
0516086,2961
0516088,2962
0516090,2963
0516094,2964
0516095,2965
0516096,2966
0516097,2967
0516098,2968
0516099,2969
0516102,2970
0516103,2971
0516104,2972
0516105,2973
0516106,2974
0516107,2975
0516110,2976
0516111,2977
0516112,2978
0516113,2979
0516114,2980
0516117,2981
0516118,2982
0516119,2983
0516201,2984
0516202,2985
0516203,2986
0516204,2987
0516205,2988
0516206,2989
0516207,2990
0516208,2991
0516209,2992
0516210,2993
0516211,2994
0516212,2995
0516213,2996
0516214,2997
0516215,2998
0516217,2999
0516218,3000
0516219,3001
0516220,3002
0516221,3003
0516222,3004
0516223,3005
0516224,3006
0516225,3007
0516226,3008
0516227,3009
0516228,3010
0516229,3011
0516230,3012
0516231,3013
0516232,3014
0516233,3015
0516234,3016
0516235,3017
0516236,3018
0516238,3019
0516239,3020
0516240,3021
0516241,3022
0516242,3023
0516243,3024
0516244,3025
0516245,3026
0516246,3027
0516247,3028
0516249,3029
0516250,3030
0516251,3031
0516252,3032
0516254,3033
0516255,3034
0516256,3035
0516257,3036
0516301,3037
0516302,3038
0516303,3039
0516304,3040
0516305,3041
0516306,3042
0516307,3043
0516308,3044
0516309,3045
0516310,3046
0516312,3047
0516313,3048
0516314,3049
0516316,3050
0516317,3051
0516318,3052
0516319,3053
0516320,3054
0516321,3055
0516322,3056
0516323,3057
0516324,3058
0516325,3059
0516326,3060
0516327,3061
0516328,3062
0516329,3063
0516332,3064
0516333,3065
0516334,3066
0540005,3067
0540006,3068
0540010,3069
0540015,3070
0540017,3071
0540018,3072
0540022,3073
0540024,3074
0540034,3075
0540037,3076
0540046,3077
0540065,3078
0540073,3079
0540083,3080
0540093,3081
0540095,3082
0540103,3083
0540107,3084
0540112,3085
0540115,3086
0540116,3087
0540117,3088
0540118,3089
0540119,3090
0540125,3091
0540137,3092
0540150,3093
0540153,3094
0540158,3095
0540159,3096
0540170,3097
0545006,3098
0545007,3099
0545008,3100
0545009,3101
0545010,3102
0545030,3103
0545057,3104
0545058,3105
0545059,3106
0545065,3107
0545080,3108
0545156,3109
0545166,3110
0545169,3111
0545170,3112
平行程式優化與生物資訊演算法應用實務,3113
0545174,3114
0545175,3115
0545187,3116
0546101,3117
0556001,3118
0556003,3119
0556004,3120
0556005,3121
0556006,3122
0556007,3123
0556008,3124
0556010,3125
0556011,3126
0556012,3127
0556013,3128
0556014,3129
0556015,3130
0556016,3131
0556017,3132
0556018,3133
0556019,3134
0556020,3135
0556022,3136
0556023,3137
0556024,3138
0556025,3139
0556027,3140
0556028,3141
0556029,3142
0556030,3143
0556031,3144
0556032,3145
0556033,3146
0556034,3147
0556035,3148
0556036,3149
0556038,3150
0556039,3151
0556040,3152
0556041,3153
0556042,3154
0556043,3155
0556044,3156
0556045,3157
0556047,3158
0556048,3159
0556049,3160
0556050,3161
0556051,3162
0556052,3163
0556053,3164
0556054,3165
0556055,3166
0556056,3167
0556057,3168
0556058,3169
0556059,3170
0556060,3171
0556061,3172
0556062,3173
0556063,3174
0556064,3175
0556065,3176
0556066,3177
0556067,3178
0556068,3179
0556069,3180
0556070,3181
0556071,3182
0556072,3183
0556073,3184
0556074,3185
0556075,3186
0556076,3187
0556077,3188
0556078,3189
物聯網技術與應用,3190
0556079,3191
0556080,3192
0556081,3193
0556082,3194
0556083,3195
0556084,3196
0556085,3197
0556086,3198
0556087,3199
0556088,3200
0556090,3201
0556091,3202
0556092,3203
0556093,3204
0556094,3205
0556096,3206
0556097,3207
0556098,3208
0556099,3209
0556100,3210
0556101,3211
0556102,3212
0556103,3213
0556104,3214
0556106,3215
0556108,3216
0556110,3217
0556111,3218
0556115,3219
0556117,3220
0556118,3221
0556119,3222
0556122,3223
0556126,3224
0556128,3225
0556129,3226
0556130,3227
0556131,3228
0556132,3229
0556139,3230
0556140,3231
0556141,3232
0556142,3233
0556143,3234
0556145,3235
0556146,3236
0556148,3237
0556149,3238
0556150,3239
0556151,3240
0556152,3241
0556153,3242
0556154,3243
0556155,3244
0556156,3245
0556157,3246
0556158,3247
0556159,3248
0556161,3249
0556162,3250
0556163,3251
0556165,3252
0556168,3253
0556169,3254
0556170,3255
0556171,3256
0556172,3257
0556173,3258
交通資料分析,3259
0556174,3260
0556175,3261
0556176,3262
0556178,3263
0556179,3264
0556180,3265
0556181,3266
0556184,3267
0556185,3268
0556186,3269
0556187,3270
0556188,3271
0556501,3272
0556503,3273
0556504,3274
0556505,3275
0556506,3276
0556507,3277
0556508,3278
0556509,3279
0556510,3280
0556511,3281
0556512,3282
0556513,3283
0556514,3284
0556515,3285
0556516,3286
0556517,3287
0556518,3288
0556519,3289
視訊串流與追蹤,3290
0556520,3291
0556521,3292
0556522,3293
0556523,3294
0556524,3295
0556525,3296
0556526,3297
0556527,3298
0556528,3299
0556529,3300
0556530,3301
0556531,3302
0556532,3303
0556534,3304
0556535,3305
0556536,3306
0556537,3307
0556540,3308
0556544,3309
0556546,3310
0556548,3311
0556550,3312
0556552,3313
0556553,3314
0556554,3315
0556555,3316
0556556,3317
0556559,3318
0556560,3319
0556561,3320
0556562,3321
0556563,3322
0556564,3323
0556601,3324
0556602,3325
0556603,3326
0556604,3327
0556605,3328
0556606,3329
0556607,3330
0556608,3331
0556609,3332
0556610,3333
0556611,3334
0556612,3335
0556613,3336
0556614,3337
0556615,3338
0556616,3339
0556617,3340
0556618,3341
0556619,3342
0556620,3343
0556621,3344
0556622,3345
0556623,3346
0556624,3347
0556625,3348
0556626,3349
0556627,3350
0556628,3351
0556629,3352
0556630,3353
0556631,3354
0556632,3355
0556633,3356
0556634,3357
0556636,3358
0556637,3359
0556638,3360
0556639,3361
0556640,3362
0556641,3363
0556642,3364
0556643,3365
0556644,3366
0556650,3367
0556651,3368
0556652,3369
0556815,3370
0556817,3371
0556818,3372
0556821,3373
0556825,3374
0586002,3375
0586003,3376
0586004,3377
0586005,3378
0586007,3379
0586008,3380
0586009,3381
0586010,3382
0586012,3383
0586013,3384
0586014,3385
0586016,3386
0586017,3387
0586019,3388
0586020,3389
0586023,3390
0586027,3391
0586029,3392
0586030,3393
0586031,3394
0586033,3395
數據科學系列演講,3396
0586034,3397
0586035,3398
0586036,3399
0586038,3400
0586901,3401
0616001,3402
0616002,3403
0616003,3404
0616004,3405
0616005,3406
0616006,3407
0616007,3408
0616008,3409
0616009,3410
0616012,3411
0616013,3412
0616014,3413
0616015,3414
0616016,3415
0616018,3416
0616019,3417
0616020,3418
0616021,3419
0616022,3420
0616023,3421
0616024,3422
0616025,3423
0616026,3424
0616027,3425
0616028,3426
0616029,3427
0616030,3428
0616031,3429
0616032,3430
0616033,3431
0616034,3432
0616035,3433
0616036,3434
0616037,3435
0616038,3436
0616039,3437
0616040,3438
0616041,3439
0616042,3440
0616043,3441
0616044,3442
0616045,3443
0616046,3444
0616048,3445
0616049,3446
0616050,3447
0616052,3448
0616053,3449
0616055,3450
0616057,3451
0616058,3452
0616059,3453
0616060,3454
0616062,3455
0616063,3456
0616064,3457
0616065,3458
0616066,3459
0616067,3460
0616068,3461
0616069,3462
0616070,3463
0616071,3464
0616072,3465
0616073,3466
0616074,3467
0616075,3468
0616076,3469
0616077,3470
0616078,3471
0616079,3472
0616080,3473
0616081,3474
0616082,3475
0616083,3476
0616084,3477
0616085,3478
0616087,3479
0616088,3480
0616091,3481
0616092,3482
0616093,3483
0616095,3484
0616096,3485
0616097,3486
0616098,3487
0616099,3488
0616100,3489
0616101,3490
0616102,3491
0616103,3492
0616107,3493
0616108,3494
0616109,3495
0616110,3496
0616112,3497
0616113,3498
0616114,3499
0616115,3500
0616116,3501
0616201,3502
0616202,3503
0616203,3504
0616204,3505
0616205,3506
0616206,3507
0616207,3508
0616208,3509
0616209,3510
0616210,3511
0616211,3512
0616212,3513
0616213,3514
0616214,3515
0616215,3516
0616216,3517
0616217,3518
0616218,3519
0616219,3520
0616220,3521
0616221,3522
0616222,3523
0616223,3524
0616224,3525
0616225,3526
0616226,3527
0616227,3528
0616228,3529
0616229,3530
0616230,3531
0616231,3532
0616232,3533
0616233,3534
0616234,3535
0616235,3536
0616236,3537
0616237,3538
0616238,3539
0616239,3540
0616240,3541
0616241,3542
0616242,3543
0616243,3544
0616245,3545
0616247,3546
0616248,3547
0616249,3548
0616250,3549
0616301,3550
0616302,3551
0616303,3552
0616304,3553
0616305,3554
0616306,3555
0616308,3556
0616309,3557
0616310,3558
0616311,3559
0616312,3560
0616313,3561
0616315,3562
0616316,3563
0616317,3564
0616318,3565
0616319,3566
0616321,3567
0616323,3568
0616325,3569
0616327,3570
0616328,3571
0616329,3572
0616330,3573
0616333,3574
0616334,3575
0616335,3576
0616336,3577
0640004,3578
0640041,3579
0640044,3580
0640049,3581
0640059,3582
0640067,3583
0640101,3584
0640102,3585
0640104,3586
0640124,3587
0640126,3588
0640128,3589
0640131,3590
0640142,3591
0640143,3592
0640154,3593
0645014,3594
0645016,3595
0645017,3596
0645019,3597
0645022,3598
0645024,3599
0645040,3600
0645041,3601
0645045,3602
0645047,3603
0645076,3604
0645077,3605
0645090,3606
0645098,3607
0645113,3608
0645167,3609
0645172,3610
0645180,3611
0645181,3612
0645186,3613
0645196,3614
0645197,3615
0645198,3616
0645199,3617
0645200,3618
0645216,3619
0645241,3620
0645249,3621
0645250,3622
0645258,3623
0646031,3624
0656001,3625
0656003,3626
0656004,3627
0656005,3628
0656006,3629
0656007,3630
0656008,3631
0656009,3632
0656010,3633
0656011,3634
0656013,3635
0656014,3636
0656015,3637
0656016,3638
0656017,3639
0656018,3640
0656019,3641
0656020,3642
0656022,3643
0656023,3644
0656024,3645
0656025,3646
0656026,3647
0656027,3648
0656028,3649
0656030,3650
0656031,3651
0656032,3652
0656033,3653
0656034,3654
0656035,3655
0656036,3656
0656037,3657
0656038,3658
0656039,3659
0656040,3660
0656041,3661
0656042,3662
0656043,3663
0656044,3664
0656045,3665
0656047,3666
0656048,3667
0656050,3668
0656051,3669
0656052,3670
0656053,3671
0656054,3672
0656055,3673
0656056,3674
0656058,3675
0656059,3676
0656060,3677
0656061,3678
0656062,3679
0656063,3680
0656064,3681
0656065,3682
0656066,3683
0656067,3684
0656068,3685
0656069,3686
0656070,3687
0656072,3688
0656073,3689
0656074,3690
0656075,3691
0656076,3692
0656077,3693
0656078,3694
0656079,3695
0656080,3696
0656081,3697
0656082,3698
0656083,3699
0656084,3700
0656085,3701
0656086,3702
0656087,3703
0656088,3704
0656089,3705
0656090,3706
0656091,3707
0656092,3708
0656093,3709
0656094,3710
0656095,3711
0656096,3712
0656098,3713
0656099,3714
0656100,3715
0656101,3716
0656104,3717
0656105,3718
0656106,3719
0656107,3720
0656108,3721
0656109,3722
0656110,3723
0656112,3724
0656113,3725
0656114,3726
0656115,3727
0656116,3728
0656117,3729
0656118,3730
0656119,3731
0656120,3732
0656121,3733
0656122,3734
0656123,3735
0656124,3736
0656125,3737
0656126,3738
0656127,3739
0656128,3740
0656129,3741
0656130,3742
0656132,3743
0656133,3744
0656134,3745
0656135,3746
0656136,3747
0656137,3748
0656138,3749
0656139,3750
0656140,3751
0656142,3752
0656144,3753
0656147,3754
0656149,3755
0656151,3756
0656152,3757
0656153,3758
0656154,3759
0656155,3760
0656156,3761
0656157,3762
0656158,3763
0656159,3764
0656161,3765
0656162,3766
0656163,3767
0656164,3768
0656165,3769
0656501,3770
0656502,3771
0656503,3772
0656504,3773
0656505,3774
0656507,3775
0656508,3776
0656509,3777
0656510,3778
0656511,3779
0656512,3780
0656513,3781
0656514,3782
0656515,3783
0656516,3784
0656517,3785
0656518,3786
0656519,3787
0656520,3788
0656521,3789
0656522,3790
0656524,3791
0656525,3792
0656526,3793
0656527,3794
0656528,3795
0656530,3796
0656531,3797
0656532,3798
0656533,3799
0656534,3800
0656536,3801
0656538,3802
0656539,3803
0656540,3804
0656542,3805
0656543,3806
0656544,3807
0656545,3808
0656546,3809
0656547,3810
0656548,3811
0656549,3812
0656552,3813
0656553,3814
0656555,3815
0656556,3816
0656601,3817
0656602,3818
0656603,3819
0656604,3820
0656605,3821
0656606,3822
0656607,3823
0656608,3824
0656609,3825
0656610,3826
0656611,3827
0656612,3828
0656613,3829
0656614,3830
0656615,3831
0656616,3832
0656617,3833
0656618,3834
0656619,3835
0656620,3836
0656622,3837
0656623,3838
0656624,3839
0656625,3840
0656626,3841
0656629,3842
0656630,3843
0656631,3844
0656632,3845
0656633,3846
0656634,3847
0656635,3848
0656638,3849
0656639,3850
0656642,3851
0656643,3852
0656644,3853
0656645,3854
0656646,3855
0656647,3856
0656648,3857
0656650,3858
0656651,3859
0656652,3860
0656653,3861
0656701,3862
0656702,3863
0656703,3864
0656705,3865
0656706,3866
0656707,3867
0656708,3868
0656709,3869
0656710,3870
0656711,3871
0656712,3872
0656713,3873
0656714,3874
0656715,3875
0656716,3876
0656717,3877
0656806,3878
0656810,3879
0656813,3880
0656816,3881
0656823,3882
0686005,3883
0686006,3884
0686007,3885
0686008,3886
0686009,3887
0686010,3888
0686011,3889
0686012,3890
0686013,3891
0686017,3892
0686018,3893
0686019,3894
0686020,3895
0686022,3896
0686025,3897
0686026,3898
0686027,3899
0686028,3900
0686029,3901
0686030,3902
0686031,3903
0686032,3904
0686035,3905
0686036,3906
0686038,3907
0686039,3908
0686040,3909
0686041,3910
0686045,3911
9117806,3912
9123820,3913
9217802,3914
9223803,3915
9317531,3916
9317808,3917
9317811,3918
9317829,3919
9323538,3920
9323601,3921
9323807,3922
9323808,3923
9323814,3924
9323816,3925
9323817,3926
9323819,3927
9417043,3928
9417213,3929
9455513,3930
9455579,3931
9455625,3932
9455643,3933
9455803,3934
9455808,3935
9455809,3936
9455810,3937
9455813,3938
9455817,3939
9455818,3940
9455823,3941
9455829,3942
9455831,3943
9455832,3944
9455838,3945
9455843,3946
9455844,3947
9455848,3948
9455849,3949
9455851,3950
9455865,3951
9455869,3952
9516059,3953
9517068,3954
9517076,3955
9517125,3956
9517142,3957
9517158,3958
9517201,3959
9517206,3960
9517207,3961
9517213,3962
9555513,3963
9555801,3964
9555802,3965
9555803,3966
9555804,3967
9555805,3968
9555807,3969
9555810,3970
9555812,3971
9555816,3972
9555819,3973
9555820,3974
9555821,3975
9555822,3976
9555823,3977
9555826,3978
9555827,3979
9555828,3980
9555833,3981
9555835,3982
9555838,3983
9555839,3984
9555842,3985
9555843,3986
9555846,3987
9555847,3988
9555849,3989
9555852,3990
9555853,3991
9555854,3992
9555856,3993
9555857,3994
9555858,3995
9555860,3996
9555861,3997
9555868,3998
9556502,3999
9614089,4000
9616004,4001
9616036,4002
9616037,4003
9616051,4004
9616054,4005
9617004,4006
9617006,4007
9617011,4008
9617018,4009
9617045,4010
9617055,4011
9617066,4012
9617069,4013
9617071,4014
9617072,4015
9617083,4016
9617091,4017
9617097,4018
9617098,4019
9617101,4020
9617104,4021
9617147,4022
9617152,4023
9617159,4024
9617162,4025
9617172,4026
9617207,4027
9617248,4028
9655516,4029
9655801,4030
9655803,4031
9655804,4032
9655808,4033
9655810,4034
9655811,4035
9655812,4036
9655814,4037
9655817,4038
9655818,4039
9655820,4040
9655821,4041
9655825,4042
9655828,4043
9655829,4044
9655832,4045
9655834,4046
9655835,4047
9655836,4048
9655837,4049
9655838,4050
9655839,4051
9655840,4052
9655841,4053
9655843,4054
9655845,4055
9655847,4056
9655848,4057
9655854,4058
9655855,4059
9655856,4060
9655858,4061
9655859,4062
9655860,4063
9655861,4064
9655862,4065
9655867,4066
9656515,4067
9714011,4068
9716011,4069
9716038,4070
9716068,4071
9716072,4072
9716076,4073
9716096,4074
9716108,4075
9717001,4076
9717003,4077
9717004,4078
9717006,4079
9717008,4080
9717009,4081
9717010,4082
多核心架構與程式設計,4083
9717011,4084
9717012,4085
9717013,4086
9717014,4087
9717015,4088
9717016,4089
9717017,4090
9717018,4091
9717019,4092
9717020,4093
9717021,4094
9717022,4095
9717023,4096
9717024,4097
9717025,4098
9717026,4099
9717027,4100
9717028,4101
9717029,4102
9717030,4103
9717031,4104
9717032,4105
9717033,4106
9717034,4107
9717035,4108
9717036,4109
9717037,4110
9717038,4111
9717039,4112
9717040,4113
9717041,4114
9717042,4115
9717044,4116
9717045,4117
9717046,4118
9717047,4119
9717048,4120
9717049,4121
9717050,4122
9717051,4123
9717052,4124
9717053,4125
9717054,4126
9717055,4127
9717056,4128
9717057,4129
9717058,4130
9717059,4131
9717060,4132
9717061,4133
9717062,4134
9717064,4135
9717065,4136
9717066,4137
9717067,4138
9717068,4139
9717069,4140
9717070,4141
9717071,4142
9717072,4143
9717073,4144
9717074,4145
9717075,4146
9717076,4147
9717077,4148
9717078,4149
9717079,4150
9717080,4151
9717081,4152
9717083,4153
9717084,4154
9717085,4155
9717087,4156
9717088,4157
9717089,4158
9717091,4159
9717092,4160
9717094,4161
9717095,4162
9717096,4163
9717100,4164
9717101,4165
9717102,4166
9717103,4167
9717104,4168
9717105,4169
9717106,4170
9717109,4171
9717110,4172
9717111,4173
9717121,4174
9717122,4175
9717123,4176
9717124,4177
9717125,4178
9717126,4179
9717127,4180
9717128,4181
9717129,4182
9717130,4183
9717131,4184
9717132,4185
9717133,4186
9717135,4187
9717136,4188
9717137,4189
9717138,4190
9717139,4191
9717141,4192
9717142,4193
9717143,4194
9717144,4195
9717145,4196
9717146,4197
9717147,4198
9717148,4199
9717149,4200
9717151,4201
9717152,4202
9717153,4203
9717154,4204
9717158,4205
9717159,4206
9717160,4207
9717161,4208
9717163,4209
9717164,4210
9717165,4211
9717166,4212
9717168,4213
9717169,4214
9717170,4215
9717171,4216
正規語言,4217
9717172,4218
9717173,4219
9717174,4220
9717175,4221
9717176,4222
9717177,4223
9717178,4224
9717180,4225
9717181,4226
9717182,4227
9717183,4228
9717184,4229
9717185,4230
9717186,4231
9717187,4232
9717188,4233
9717190,4234
9717191,4235
9717192,4236
9717193,4237
9717195,4238
9717196,4239
9717197,4240
9717198,4241
9717199,4242
9717201,4243
9717205,4244
9717241,4245
9717242,4246
9717243,4247
9717244,4248
9717245,4249
9717246,4250
9717247,4251
9717248,4252
9717250,4253
9717251,4254
9717252,4255
9717253,4256
9717254,4257
9717255,4258
9717256,4259
9717257,4260
9717258,4261
9717259,4262
9717260,4263
9717261,4264
9717262,4265
9717263,4266
9717264,4267
9717265,4268
9717266,4269
9717267,4270
9717268,4271
9717269,4272
9717270,4273
9717272,4274
9722052,4275
9730503,4276
9730519,4277
9731015,4278
9731032,4279
9732034,4280
9733004,4281
9733018,4282
9733034,4283
9733036,4284
9755527,4285
9755614,4286
9755802,4287
9755804,4288
9755806,4289
9755807,4290
9755811,4291
9755814,4292
9755817,4293
9755818,4294
9755819,4295
9755820,4296
9755825,4297
9755827,4298
9755833,4299
9755834,4300
9755836,4301
9755841,4302
9755843,4303
9755850,4304
9755855,4305
9755856,4306
9755858,4307
9755859,4308
9755861,4309
9755867,4310
9755868,4311
9755871,4312
9755874,4313
9755875,4314
9755876,4315
9755877,4316
9755878,4317
9757539,4318
9814007,4319
9816021,4320
9816024,4321
9816078,4322
9816096,4323
9816112,4324
9817001,4325
9817002,4326
9817003,4327
9817004,4328
9817005,4329
9817006,4330
9817007,4331
9817008,4332
9817009,4333
9817010,4334
9817011,4335
9817012,4336
9817014,4337
9817015,4338
9817016,4339
9817017,4340
9817018,4341
9817019,4342
9817020,4343
9817021,4344
9817022,4345
9817023,4346
9817024,4347
9817025,4348
9817026,4349
9817027,4350
9817028,4351
9817029,4352
9817030,4353
9817031,4354
9817032,4355
9817033,4356
9817035,4357
9817036,4358
9817037,4359
9817039,4360
9817040,4361
9817041,4362
9817042,4363
9817043,4364
9817045,4365
9817046,4366
9817047,4367
9817048,4368
9817049,4369
9817050,4370
9817051,4371
9817052,4372
9817053,4373
9817054,4374
9817055,4375
9817056,4376
9817057,4377
9817058,4378
9817059,4379
9817060,4380
9817062,4381
9817063,4382
9817064,4383
9817066,4384
9817070,4385
9817071,4386
9817072,4387
9817073,4388
9817074,4389
9817075,4390
9817076,4391
9817078,4392
9817080,4393
9817081,4394
9817082,4395
9817084,4396
9817085,4397
9817086,4398
9817087,4399
9817088,4400
9817090,4401
9817092,4402
9817093,4403
9817094,4404
9817095,4405
9817096,4406
9817097,4407
9817121,4408
9817122,4409
9817123,4410
9817124,4411
9817126,4412
9817127,4413
9817128,4414
9817129,4415
9817130,4416
9817131,4417
9817133,4418
9817134,4419
9817135,4420
9817136,4421
9817137,4422
9817138,4423
9817142,4424
9817144,4425
9817145,4426
9817146,4427
9817147,4428
9817148,4429
9817149,4430
9817150,4431
9817151,4432
9817152,4433
9817153,4434
9817154,4435
9817155,4436
9817156,4437
9817157,4438
9817158,4439
9817159,4440
9817160,4441
9817161,4442
9817162,4443
9817163,4444
9817164,4445
9817165,4446
9817167,4447
9817168,4448
9817170,4449
9817171,4450
9817172,4451
9817173,4452
9817174,4453
9817176,4454
9817177,4455
9817178,4456
9817179,4457
9817180,4458
9817181,4459
9817182,4460
9817183,4461
9817184,4462
9817185,4463
9817186,4464
9817187,4465
9817188,4466
9817189,4467
9817190,4468
9817191,4469
9817192,4470
9817193,4471
9817194,4472
9817196,4473
9817197,4474
9817199,4475
9817201,4476
9817202,4477
9817203,4478
9817205,4479
9817206,4480
9817207,4481
9817242,4482
9817243,4483
9817244,4484
9817245,4485
9817246,4486
9817247,4487
9817248,4488
9817249,4489
9817250,4490
9817251,4491
9817252,4492
9817253,4493
9817254,4494
9817257,4495
9817259,4496
9817260,4497
9817262,4498
9817263,4499
9817264,4500
9817265,4501
9817266,4502
9817268,4503
9817269,4504
9817271,4505
9817272,4506
9830509,4507
9830516,4508
9830520,4509
9831003,4510
9831036,4511
9833020,4512
9833050,4513
9855560,4514
9855582,4515
9855801,4516
9855802,4517
9855803,4518
9855804,4519
9855809,4520
9855811,4521
9855812,4522
9855813,4523
9855814,4524
9855815,4525
9855816,4526
9855817,4527
9855818,4528
9855819,4529
9855820,4530
9855821,4531
9855822,4532
9855823,4533
9855825,4534
9855826,4535
9855828,4536
9855829,4537
9855833,4538
9855835,4539
9855836,4540
9855837,4541
9855839,4542
9855843,4543
9855845,4544
9855846,4545
9855847,4546
9855848,4547
9855849,4548
9855850,4549
9855851,4550
9855854,4551
9855864,4552
9855865,4553
9855866,4554
9855867,4555
9855870,4556
9855873,4557
9855874,4558
9855875,4559
9856506,4560
9856527,4561
9856545,4562
9857513,4563
9857526,4564
9879548,4565
9890505,4566
9916023,4567
9916026,4568
9916057,4569
9916079,4570
9916086,4571
9916090,4572
9916092,4573
9917002,4574
9917003,4575
9917004,4576
9917005,4577
9917006,4578
9917007,4579
9917008,4580
9917009,4581
9917010,4582
9917011,4583
9917012,4584
9917013,4585
9917014,4586
9917015,4587
9917016,4588
9917017,4589
9917018,4590
9917019,4591
9917020,4592
9917021,4593
9917022,4594
9917023,4595
9917024,4596
9917025,4597
9917026,4598
9917027,4599
9917028,4600
9917029,4601
9917030,4602
9917031,4603
9917032,4604
9917033,4605
9917034,4606
9917035,4607
9917036,4608
9917037,4609
9917038,4610
9917039,4611
9917040,4612
9917041,4613
9917042,4614
9917043,4615
9917044,4616
9917045,4617
9917046,4618
9917047,4619
9917048,4620
9917049,4621
9917050,4622
9917051,4623
9917052,4624
9917053,4625
9917054,4626
9917055,4627
9917056,4628
9917057,4629
9917058,4630
9917059,4631
9917060,4632
9917061,4633
9917062,4634
9917063,4635
9917065,4636
9917066,4637
9917067,4638
9917068,4639
9917069,4640
9917070,4641
9917071,4642
9917072,4643
9917074,4644
9917075,4645
9917076,4646
9917077,4647
9917079,4648
9917080,4649
9917081,4650
9917082,4651
9917083,4652
9917084,4653
9917085,4654
9917086,4655
9917087,4656
9917088,4657
9917090,4658
9917091,4659
9917092,4660
9917093,4661
9917094,4662
9917095,4663
9917096,4664
9917097,4665
9917098,4666
9917099,4667
9917100,4668
9917101,4669
9917103,4670
9917104,4671
9917105,4672
9917106,4673
9917107,4674
9917108,4675
9917121,4676
9917122,4677
9917123,4678
9917125,4679
9917126,4680
9917127,4681
9917128,4682
9917129,4683
9917130,4684
9917131,4685
9917132,4686
9917133,4687
9917135,4688
9917136,4689
9917137,4690
9917138,4691
9917139,4692
9917140,4693
9917141,4694
9917142,4695
9917143,4696
9917144,4697
9917145,4698
9917146,4699
9917147,4700
9917148,4701
9917149,4702
9917150,4703
9917151,4704
9917152,4705
9917153,4706
9917154,4707
9917155,4708
9917156,4709
9917159,4710
9917160,4711
9917161,4712
9917162,4713
9917163,4714
9917164,4715
9917165,4716
9917166,4717
9917168,4718
9917169,4719
9917170,4720
9917172,4721
9917173,4722
9917174,4723
9917175,4724
9917241,4725
9917242,4726
9917243,4727
9917244,4728
9917245,4729
9917246,4730
9917247,4731
9917248,4732
9917249,4733
9917250,4734
9917251,4735
9917252,4736
9917254,4737
9917255,4738
9917256,4739
9917257,4740
9917258,4741
9917259,4742
9917260,4743
9917261,4744
9917262,4745
9917263,4746
9917264,4747
9917265,4748
9917266,4749
9917267,4750
9917268,4751
9917269,4752
9917270,4753
9917273,4754
9917274,4755
9917275,4756
9917276,4757
9917278,4758
9922028,4759
9922030,4760
9922038,4761
9922048,4762
9922051,4763
9922516,4764
9930502,4765
9930503,4766
9930504,4767
9930506,4768
9930507,4769
9930508,4770
9930509,4771
9930510,4772
9930511,4773
9930512,4774
9930513,4775
9930515,4776
9930516,4777
9931031,4778
9932037,4779
9944023,4780
9955505,4781
9955507,4782
9955511,4783
9955515,4784
9955518,4785
9955519,4786
9955523,4787
9955524,4788
9955525,4789
9955527,4790
9955530,4791
9955532,4792
9955537,4793
9955538,4794
9955539,4795
9955544,4796
9955546,4797
9955548,4798
9955550,4799
9955552,4800
9955554,4801
9955556,4802
9955557,4803
9955561,4804
9955562,4805
9955563,4806
9955564,4807
9955565,4808
9955566,4809
9955568,4810
9955570,4811
9955572,4812
9955576,4813
9955578,4814
9955581,4815
9955582,4816
9955583,4817
9955584,4818
9955587,4819
9955588,4820
9955589,4821
9955590,4822
9955591,4823
9955593,4824
9955594,4825
9955596,4826
9955597,4827
9955599,4828
9955600,4829
9955601,4830
9955602,4831
9955603,4832
9955604,4833
9955605,4834
9955606,4835
9955607,4836
9955608,4837
9955610,4838
9955611,4839
9955612,4840
9955613,4841
9955614,4842
9955615,4843
9955616,4844
9955617,4845
9955618,4846
9955619,4847
9955620,4848
9955622,4849
9955623,4850
9955624,4851
9955625,4852
9955628,4853
9955630,4854
9955632,4855
9955634,4856
9955635,4857
9955636,4858
9955637,4859
9955638,4860
9955801,4861
9955802,4862
9955803,4863
9955804,4864
9955805,4865
9955806,4866
9955807,4867
9955808,4868
9955809,4869
9955810,4870
9955811,4871
9955813,4872
9955814,4873
9955815,4874
9955816,4875
9955818,4876
9955819,4877
9955820,4878
9955822,4879
9955824,4880
9955826,4881
9955827,4882
9955828,4883
9955831,4884
9955833,4885
9955837,4886
9955838,4887
9955839,4888
9955840,4889
9955841,4890
9955842,4891
9955843,4892
9955844,4893
9955846,4894
9955849,4895
9955853,4896
9955855,4897
9955856,4898
9955858,4899
9955859,4900
9955860,4901
9955862,4902
9955863,4903
9956503,4904
9956510,4905
9956512,4906
9956513,4907
9956517,4908
9956518,4909
9956519,4910
9956521,4911
9956522,4912
9956523,4913
9956524,4914
9956525,4915
9956526,4916
9956527,4917
9956528,4918
9956529,4919
9956530,4920
9956531,4921
9956533,4922
9956534,4923
9956536,4924
9956538,4925
9956539,4926
9956540,4927
9956541,4928
9956542,4929
9956545,4930
9956546,4931
9956547,4932
9956548,4933
9956549,4934
9956550,4935
9957507,4936
9957510,4937
9957511,4938
9957513,4939
9957515,4940
9957516,4941
9957519,4942
9957521,4943
9957522,4944
9957523,4945
9957524,4946
9957526,4947
9957527,4948
9957530,4949
9957536,4950
9957537,4951
9957539,4952
9957541,4953
9957542,4954
9957545,4955
9957546,4956
9957547,4957
9957548,4958
9957549,4959
9979512,4960
9979514,4961
9979515,4962
9979518,4963
9979523,4964
9979524,4965
9979527,4966
9979531,4967
9979539,4968
9979542,4969
9979543,4970
9990501,4971
9990502,4972
9990503,4973
9990504,4974
9990505,4975
9990506,4976
9990507,4977
9990508,4978
